<!DOCTYPE html>
<html lang="pt-br">
<head>
    <meta charset="UTF-8">
    <meta name="viewport" content="width=device-width, initial-scale=1.0">
    <title>Exercício 4</title>
</head>
<body>
    <h1>Distância de capitais</h1>
    <h4>Analise os números das capitais que deseja saber a distância entre elas (km). E depois clique no botão abaixo:</h4>
    <h6>[1, "Rio Branco"]
        [2, "Macapá"]</br>
        [3, "Manaus"]
        [4, "Belém"]</br>
        [5, "Porto Velho"]
        [6, "Boa Vista"]</br>
        [7, "Palmas"]
        [8, "Maceió"]</br>
        [9, "Salvador"]
        [10, "Fortaleza"]</br>
        [11, "São Luís"]
        [12, "João Pessoa"]</br>
        [13, "Recife"]
        [14, "Teresina"]</br>
        [15, "Natal"]
        [16, "Aracaju"]</br>
        [17, "Goiânia"]
        [18, "Cuiabá"]</br>
        [19, "Campo Grande"]
        [20, "Brasília"]</br>
        [21, "Vitória"]
        [22, "Belo Horizonte"]</br>
        [23, "São Paulo"]
        [24, "Rio de Janeiro"]</br>
        [25, "Curitiba"]
        [26, "Porto Alegre"]</br>
        [27, "Florianópolis"]</h6>

 

    <center><button onclick="myFunction()">Clique para abrir o programa!</button></center>

    <section><div id="resultado"></div></section>





<script>
function myFunction() {

    
let capitais = [
    [1, "Rio Branco"], [2, "Macapá"], [3, "Manaus"], [4, "Belém"], [5, "Porto Velho"], [6, "Boa Vista"], [7, "Palmas"],
    [8, "Maceió"], [9, "Salvador"], [10, "Fortaleza"], [11, "São Luís"], [12, "João Pessoa"], [13, "Recife"], [14, "Teresina"],
    [15, "Natal"], [16, "Aracaju"], [17, "Goiânia"], [18, "Cuiabá"], [19, "Campo Grande"], [20, "Brasília"], [21, "Vitória"],
    [22, "Belo Horizonte"], [23, "São Paulo"], [24, "Rio de Janeiro"], [25, "Curitiba"], [26, "Porto Alegre"], [27, "Florianópolis"]
]


let distancias = [
    [0, 1511, 3436, 3266, 2679, 2847, 3301, 1948, 2103, 2918, 2370, 2276, 2634, 2149, 2770, 1784, 3364, 3390, 3336, 3336, 3494, 3235, 3949, 392, 3526, 4148, 3605],
    [1511, 0, 2551, 2377, 1955, 1472, 2060, 2575, 2863, 3496, 3123, 2783, 2582, 2327, 2793, 1968, 3157, 3652, 3373, 3226, 3846, 3385, 4136, 1343, 3885, 4177, 3884],
    [3436, 2551, 0, 1790, 809, 777, 1044, 3512, 4038, 4074, 4107, 3720, 3461, 3364, 3966, 3510, 1685, 2179, 2762, 2291, 3009, 3330, 4380, 3209, 2743, 3125, 2764],
    [3266, 2377, 1790, 0, 1393, 2176, 2275, 2822, 2773, 627, 484, 874, 2092, 1111, 921, 1481, 2481, 2965, 2663, 2246, 1743, 1985, 2961, 3136, 2753, 2335, 2069],
    [2679, 1955, 809, 1393, 0, 1982, 1619, 3225, 3449, 2971, 3076, 2704, 2286, 2339, 2860, 2327, 1847, 2282, 1971, 1709, 2360, 2722, 3638, 2339, 1785, 1869, 1543],
    [2847, 1472, 777, 2176, 1982, 0, 1245, 2873, 3275, 3315, 3337, 2964, 2593, 2687, 3300, 2845, 2263, 2698, 2398, 1974, 2664, 3041, 3892, 2860, 2426, 2631, 2366],
    [3301, 2060, 1044, 2275, 1619, 1245, 0, 3623, 4048, 3759, 3699, 3291, 2806, 3129, 3848, 3243, 1755, 2257, 1876, 1421, 2357, 2866, 3793, 3510, 3076, 3151, 2812],
    [1948, 2575, 3512, 2822, 3225, 2873, 3623, 0, 662, 1833, 945, 1114, 839, 1688, 2265, 276, 2763, 2994, 2854, 2136, 1455, 883, 1064, 2329, 2671, 3301, 2776],
    [2103, 2863, 4038, 2773, 3449, 3275, 4048, 662, 0, 2451, 1563, 1740, 1501, 2348, 2457, 1104, 3334, 3624, 3526, 2774, 1720, 1598, 1027, 2391, 2914, 3651, 3126],
    [2918, 3496, 4074, 627, 2971, 3315, 3759, 1833, 2451, 0, 895, 1025, 2008, 1116, 925, 1616, 2909, 3288, 3059, 2594, 1383, 807, 1875, 3049, 2606, 2191, 1846],
    [2370, 3123, 4107, 484, 3076, 3337, 3699, 945, 1563, 895, 0, 640, 1474, 609, 426, 1040, 2493, 2888, 2651, 2155, 1070, 318, 1284, 2582, 2241, 1823, 1450],
    [2276, 2783, 3720, 874, 2704, 2964, 3291, 1114, 1740, 1025, 640, 0, 1143, 275, 492, 999, 2631, 3019, 2812, 2293, 806, 692, 1163, 2322, 2019, 1611, 1241],
    [2634, 2582, 3461, 2092, 2286, 2593, 2806, 839, 1501, 2008, 1474, 1143, 0, 1576, 2096, 1024, 2451, 2795, 2692, 1985, 899, 992, 1475, 1585, 1649, 2122, 1945],
    [2149, 2327, 3364, 1111, 2339, 2687, 3129, 1688, 2348, 1116, 609, 275, 1576, 0, 620, 1704, 2827, 3222, 2995, 2497, 734, 454, 914, 2321, 2123, 1712, 1365],
    [2770, 2793, 3966, 921, 2860, 3300, 3848, 2265, 2457, 925, 426, 492, 2096, 620, 0, 1623, 2785, 3180, 2950, 2447, 599, 572, 1105, 2419, 2135, 1725, 1368],
    [1784, 1968, 3510, 1481, 2327, 2845, 3243, 276, 1104, 1616, 1040, 999, 1024, 1704, 1623, 0, 2335, 2704, 2538, 2026, 850, 908, 1483, 1949, 1816, 1681, 1380],
    [3364, 3157, 1685, 2481, 1847, 2263, 1755, 2763, 3334, 2909, 2493, 2631, 2451, 2827, 2785, 2335, 0, 539, 399, 744, 2561, 3016, 3980, 2630, 2020, 1431, 1330],
    [3390, 3652, 2179, 2965, 2282, 2698, 2257, 2994, 3624, 3288, 2888, 3019, 2795, 3222, 3180, 2704, 539, 0, 544, 1016, 3011, 3466, 4275, 2987, 2415, 1825, 1750],
    [3336, 3373, 2762, 2663, 1971, 2398, 1876, 2854, 3526, 3059, 2651, 2812, 2692, 2995, 2950, 2538, 399, 544, 0, 577, 2666, 3121, 3948, 2812, 2246, 1668, 1677],
    [3336, 3226, 2291, 2246, 1709, 1974, 1421, 2136, 2774, 2594, 2155, 2293, 1985, 2497, 2447, 2026, 744, 1016, 577, 0, 2057, 2512, 3318, 2542, 1990, 1433, 1474],
    [3494, 3846, 3009, 1743, 2360, 2664, 2357, 1455, 1720, 1383, 1070, 806, 899, 734, 599, 850, 2561, 3011, 2666, 2057, 0, 587, 1495, 2556, 2352, 2124, 1948],
    [3235, 3385, 3330, 1985, 2722, 3041, 2866, 883, 1598, 807, 318, 692, 992, 454, 572, 908, 3016, 3466, 3121, 2512, 587, 0, 1052, 2265, 2171, 2070, 1843],
    [3949, 4136, 4380, 2961, 3638, 3892, 3793, 1064, 1027, 1875, 1284, 1163, 1475, 914, 1105, 1483, 3980, 4275, 3948, 3318, 1495, 1052, 0, 3145, 3119, 2992, 2753],
    [392, 1343, 3209, 3136, 2339, 2860, 3510, 2329, 2391, 3049, 2582, 2322, 1585, 2321, 2419, 1949, 2630, 2987, 2812, 2542, 2556, 2265, 3145, 0, 1010, 1619, 2026],
    [3526, 3885, 2743, 2753, 1785, 2426, 3076, 2671, 2914, 2606, 2241, 2019, 1649, 2123, 2135, 1816, 2020, 2415, 2246, 1990, 2352, 2171, 3119, 1010, 0, 599, 1085],
    [4148, 4177, 3125, 2335, 1869, 2631, 3151, 3301, 3651, 2191, 1823, 1611, 2122, 1712, 1725, 1681, 1431, 1825, 1668, 1433, 2124, 2070, 2992, 1619, 599, 0, 991],
    [3605, 3884, 2764, 2069, 1543, 2366, 2812, 2776, 3126, 1846, 1450, 1241, 1945, 1365, 1368, 1380, 1330, 1750, 1677, 1474, 1948, 1843, 2753, 2026, 1085, 991, 0]
]

let capital_1 = Number(prompt("Escolha o número da 1ª capital (1 a 27):"));
let capital_2 = Number(prompt("Escolha o número da 2ª capital (1 a 27):"));
let numero_1 = -1;
let numero_2 = -1;
let nome_1
let nome_2

for (let index = 0; index < capitais.length; index++) {
    if(capital_1 == capitais[index][0]){
        numero_1 += capitais[index][0];
        nome_1 = capitais[index][1];
    }
    console.log(numero_1);
    console.log(nome_1);
    
    if(capital_2 == capitais[index][0]){
            numero_2 += capitais[index][0];
            nome_2 = capitais[index][1];
            
        }
            console.log(numero_2);
            console.log(nome_2);
        
    }
    document.getElementById("resultado").innerHTML = "<br><br>A distância entre a capital <b>" + nome_1 + " </b> e a capital <b>" + nome_2 + " </b> é igual a: " + distancias[numero_1][numero_2] + " km.";
}

  

</script>


</body>
</html>